4294967278,415
4294967294,1087
179,8
179,7
179,6
179,5
179,4
179,3
179,2
179,1
4294967294,492
178,5
178,4
178,3
178,2
178,1
177,9
177,8
177,7
177,6
177,5
177,4
177,3
177,2
177,1
4294967279,485
4294967279,478
4294967279,477
176,8
176,7
176,6
176,5
176,4
176,3
176,2
176,1
4294967294,491
175,5
175,4
175,3
175,2
175,1
4294967278,414
174,9
174,8
174,7
174,6
174,5
174,4
174,3
174,2
174,1
4294967278,413
4294967278,412
173,8
173,7
173,6
173,5
173,4
173,3
173,2
173,1
172,5
172,4
172,3
172,2
172,1
4294967278,411
171,9
171,8
171,7
171,6
171,5
171,4
171,3
171,2
171,1
170,8
170,7
170,6
170,5
170,4
170,3
170,2
170,1
169,5
169,4
169,3
169,2
169,1
168,9
168,8
168,7
168,6
168,5
168,4
168,3
168,2
168,1
4294967294,1426
4294967294,439
4294967278,410
4294967279,474
167,8
167,7
167,6
167,5
167,4
167,3
167,2
167,1
4294967278,409
166,5
166,4
166,3
166,2
166,1
4294967279,473
165,9
165,8
165,7
165,6
165,5
165,4
165,3
165,2
165,1
4294967278,408
4294967279,472
4294967278,407
4294967278,402
4294967279,469
4294967279,467
164,8
164,7
164,6
164,5
164,4
164,3
164,2
164,1
4294967294,490
4294967279,466
163,5
163,4
163,3
163,2
163,1
4294967279,465
162,9
162,8
162,7
162,6
162,5
162,4
162,3
162,2
162,1
4294967278,397
4294967294,471
4294967279,448
4294967293,131
4294967293,130
4294967293,129
4294967293,128
4294967293,127
4294967293,126
4294967293,125
4294967293,124
4294967293,123
4294967293,122
4294967293,121
4294967293,120
4294967293,119
4294967293,118
4294967293,117
4294967293,116
4294967293,115
4294967293,114
4294967293,113
4294967293,112
4294967293,111
4294967293,110
4294967293,109
4294967293,108
4294967293,107
4294967293,106
4294967293,105
4294967293,104
4294967293,103
4294967293,102
4294967293,101
4294967293,100
4294967293,99
4294967293,98
4294967293,97
4294967293,96
4294967293,95
4294967293,94
4294967293,93
4294967293,92
4294967293,91
4294967293,90
4294967293,89
4294967293,88
4294967293,87
4294967293,86
4294967293,85
4294967293,84
4294967293,83
4294967293,82
4294967293,81
4294967293,80
4294967293,79
4294967293,78
4294967293,77
4294967293,76
4294967293,75
4294967293,74
4294967293,73
4294967293,72
4294967293,71
4294967293,70
4294967293,69
4294967293,68
4294967293,67
4294967293,66
4294967293,65
4294967293,64
4294967293,63
4294967293,62
4294967293,61
4294967293,60
4294967293,59
4294967293,58
4294967293,57
4294967293,56
4294967293,55
4294967293,54
4294967293,53
4294967293,52
4294967293,51
4294967293,50
4294967293,49
4294967293,48
4294967293,47
4294967293,46
4294967293,45
4294967293,44
4294967293,43
4294967293,42
4294967293,41
4294967293,40
4294967293,39
4294967293,38
4294967293,37
4294967293,36
4294967293,35
4294967293,34
4294967293,33
4294967293,32
4294967293,31
4294967293,30
4294967293,29
4294967293,28
4294967293,27
4294967293,26
4294967293,25
4294967293,24
4294967293,23
4294967293,22
4294967293,21
4294967293,20
4294967293,19
4294967293,18
4294967293,17
4294967293,16
4294967293,15
4294967293,14
4294967293,13
4294967293,12
4294967293,11
4294967293,10
4294967293,9
4294967293,8
4294967293,7
4294967293,6
4294967293,5
4294967293,4
4294967293,3
4294967293,2
4243767290,0
4243767289,0
4243767288,0
4243767287,0
4243767286,0
4243767285,0
4243767284,0
4243767283,0
4243767282,0
4243767281,0
4294967293,0
4294967279,80
4294967279,197
4294967279,81
4294967279,385
4294967279,82
4294967279,386
4294967279,446
4294967279,198
4294967279,83
4294967279,447
4294967279,199
4294967279,200
4294967279,84
4294967279,85
4294967279,388
4294967279,86
4294967279,201
4294967279,387
4294967279,202
4294967279,204
4294967279,203
4294967279,87
4294967279,89
4294967279,90
4294967279,91
4294967279,424
4294967279,389
4294967279,423
4294967279,391
4294967279,207
4294967279,205
4294967279,206
4294967279,208
4294967279,92
4294967279,93
4294967279,94
4294967279,95
4294967279,425
4294967279,392
4294967279,426
4294967279,209
4294967279,211
4294967279,449
4294967279,210
4294967279,96
4294967279,97
4294967279,98
4294967279,212
4294967279,99
